# Eye position
eye  0.0 0.0 1.0
# View direction
viewdir  0.0 0.0 -1.0
# Up direction
updir  0.0 1.0 0.0
# Horizontal field of view
fovh  90.0
# Image size / resolution
imsize  500 500

light 0.0 -0.75 -1.0 1 0.33 0.33 0.33
light -1.0 0.0 0.0 1 0.33 0.33 0.33
light 5.0 2.0 -9.0 0 0.33 0.33 0.33

# Background color
bkgcolor 0.1 0.3 0.4

mtlcolor  0.1 0.0 0.0 1.0 1.0 1.0 0.2 0.7 0.3 10.0
sphere	0.8090169944	0.5877852523	-10 0.75
mtlcolor  0.2 0.0 0.0 1.0 1.0 1.0 0.2 0.7 0.3 10.0
sphere	0.3090169944	0.9510565163	-9 0.75
mtlcolor  0.3 0.0 0.0 1.0 1.0 1.0 0.2 0.7 0.3 10.0
sphere	-0.3090169944	0.9510565163	-8 0.75
mtlcolor  0.4 0.0 0.0 1.0 1.0 1.0 0.2 0.7 0.3 10.0
sphere	-0.8090169944	0.5877852523	-7 0.75
mtlcolor  0.5 0.0 0.0 1.0 1.0 1.0 0.2 0.7 0.3 10.0
sphere	-1	0	-6 0.75
mtlcolor  0.6 0.0 0.0 1.0 1.0 1.0 0.2 0.7 0.3 10.0
sphere	-0.8090169944	-0.5877852523	-5 0.75
mtlcolor  0.7 0.0 0.0 1.0 1.0 1.0 0.2 0.7 0.3 10.0
sphere	-0.3090169944	-0.9510565163	-4 0.75
mtlcolor  0.8 0.0 0.0 1.0 1.0 1.0 0.2 0.7 0.3 10.0
sphere	0.3090169944	-0.9510565163	-3 0.75
mtlcolor  0.9 0.0 0.0 1.0 1.0 1.0 0.2 0.7 0.3 10.0
sphere	0.8090169944	-0.5877852523	-2 0.75
mtlcolor  1.0 0.0 0.0 1.0 1.0 1.0 0.2 0.7 0.3 10.0
sphere	1	0	-1 0.75
